tRNA_domain	variant_count	observed	expected	obs:exp	lower_CI	upper_CI
	243	36.834999999999994	94.21629480498211	0.39096209499900836	0.294	0.491
Acceptorstem	933	87.948	406.79355425939036	0.2161981159217687	0.18	0.253
D-stem	468	21.398999999999997	202.40787483464308	0.10572217122225057	0.069	0.14400000000000002
D-loop	411	83.24200000000002	158.7654573206596	0.5243080037988088	0.44	0.61
Anticodonstem	672	77.30800000000002	289.29499087547106	0.2672289615732675	0.22	0.315
Anticodonloop	462	33.219	183.58776886088572	0.18094342671145927	0.132	0.232
Variableregion	270	52.26999999999999	106.21152660077524	0.49213114313355955	0.392	0.594
T-stem	606	55.29099999999998	243.3011233129048	0.22725336918766015	0.179	0.276
T-loop	459	126.13799999999999	195.4467054276094	0.645383096757902	0.5650000000000001	0.727
