tRNA_position	variant_count	observed	expected	obs:exp	lower_CI	upper_CI
	0	0	1.840752372296702	0.0	0.0	1.6274499050712736
1	0	0	1.840752372296702	0.0	0.0	1.6274499050712736
2	0	0	1.840752372296702	0.0	0.0	1.6274499050712736
3	0	0	1.840752372296702	0.0	0.0	1.6274499050712736
4	0	0	1.840752372296702	0.0	0.0	1.6274499050712736
5	0	0	1.840752372296702	0.0	0.0	1.6274499050712736
6	0	0	1.840752372296702	0.0	0.0	1.6274499050712736
7	0	0	1.840752372296702	0.0	0.0	1.6274499050712736
8	0	0	1.840752372296702	0.0	0.0	1.6274499050712736
9	0	0	1.840752372296702	0.0	0.0	1.6274499050712736
10	0	0	1.840752372296702	0.0	0.0	1.6274499050712736
11	0	0	1.840752372296702	0.0	0.0	1.6274499050712736
12	0	0	1.840752372296702	0.0	0.0	1.6274499050712736
13	0	0	1.840752372296702	0.0	0.0	1.6274499050712736
14	0	0	1.840752372296702	0.0	0.0	1.6274499050712736
15	0	0	1.840752372296702	0.0	0.0	1.6274499050712736
16	0	0	1.840752372296702	0.0	0.0	1.6274499050712736
17	0	0	1.840752372296702	0.0	0.0	1.6274499050712736
17:a	0	0	1.840752372296702	0.0	0.0	1.6274499050712736
18	0	0	1.840752372296702	0.0	0.0	1.6274499050712736
19	0	0	1.840752372296702	0.0	0.0	1.6274499050712736
20	0	0	1.840752372296702	0.0	0.0	1.6274499050712736
20:a	0	0	1.840752372296702	0.0	0.0	1.6274499050712736
22	0	0	1.840752372296702	0.0	0.0	1.6274499050712736
23	0	0	1.840752372296702	0.0	0.0	1.6274499050712736
24	0	0	1.840752372296702	0.0	0.0	1.6274499050712736
25	0	0	1.840752372296702	0.0	0.0	1.6274499050712736
26	0	0	1.840752372296702	0.0	0.0	1.6274499050712736
27	0	0	1.840752372296702	0.0	0.0	1.6274499050712736
28	0	0	1.840752372296702	0.0	0.0	1.6274499050712736
29	0	0	1.840752372296702	0.0	0.0	1.6274499050712736
30	0	0	1.840752372296702	0.0	0.0	1.6274499050712736
31	0	0	1.840752372296702	0.0	0.0	1.6274499050712736
32	0	0	1.840752372296702	0.0	0.0	1.6274499050712736
33	0	0	1.840752372296702	0.0	0.0	1.6274499050712736
34	0	0	1.840752372296702	0.0	0.0	1.6274499050712736
35	0	0	1.840752372296702	0.0	0.0	1.6274499050712736
36	0	0	1.840752372296702	0.0	0.0	1.6274499050712736
37	0	0	1.840752372296702	0.0	0.0	1.6274499050712736
38	0	0	1.840752372296702	0.0	0.0	1.6274499050712736
39	0	0	1.840752372296702	0.0	0.0	1.6274499050712736
40	0	0	1.840752372296702	0.0	0.0	1.6274499050712736
41	0	0	1.840752372296702	0.0	0.0	1.6274499050712736
42	0	0	1.840752372296702	0.0	0.0	1.6274499050712736
43	0	0	1.840752372296702	0.0	0.0	1.6274499050712736
44	0	0	1.840752372296702	0.0	0.0	1.6274499050712736
45	0	0	1.840752372296702	0.0	0.0	1.6274499050712736
46	0	0	1.840752372296702	0.0	0.0	1.6274499050712736
48	0	0	1.840752372296702	0.0	0.0	1.6274499050712736
49	0	0	1.840752372296702	0.0	0.0	1.6274499050712736
50	0	0	1.840752372296702	0.0	0.0	1.6274499050712736
51	0	0	1.840752372296702	0.0	0.0	1.6274499050712736
54	0	0	1.840752372296702	0.0	0.0	1.6274499050712736
55	0	0	1.840752372296702	0.0	0.0	1.6274499050712736
56	0	0	1.840752372296702	0.0	0.0	1.6274499050712736
57	0	0	1.840752372296702	0.0	0.0	1.6274499050712736
58	0	0	1.840752372296702	0.0	0.0	1.6274499050712736
59	0	0	1.840752372296702	0.0	0.0	1.6274499050712736
60	0	0	1.840752372296702	0.0	0.0	1.6274499050712736
63	0	0	1.840752372296702	0.0	0.0	1.6274499050712736
64	0	0	1.840752372296702	0.0	0.0	1.6274499050712736
65	0	0	1.840752372296702	0.0	0.0	1.6274499050712736
66	0	0	1.840752372296702	0.0	0.0	1.6274499050712736
67	0	0	1.840752372296702	0.0	0.0	1.6274499050712736
68	0	0	1.840752372296702	0.0	0.0	1.6274499050712736
69	0	0	1.840752372296702	0.0	0.0	1.6274499050712736
70	0	0	1.840752372296702	0.0	0.0	1.6274499050712736
71	0	0	1.840752372296702	0.0	0.0	1.6274499050712736
72	0	0	1.840752372296702	0.0	0.0	1.6274499050712736
73	0	0	1.840752372296702	0.0	0.0	1.6274499050712736
52	0	0	1.840752372296702	0.0	0.0	1.6274499050712736
53	0	0	1.840752372296702	0.0	0.0	1.6274499050712736
61	0	0	1.840752372296702	0.0	0.0	1.6274499050712736
62	0	0	1.840752372296702	0.0	0.0	1.6274499050712736
21	0	0	1.840752372296702	0.0	0.0	1.6274499050712736
47	0	0	1.840752372296702	0.0	0.0	1.6274499050712736
